18 20 3 8
-1 0 -1 -1 -1 -1 -1 -1 -1 -1 -1 -1 -1 -1 -1 -1 0 0 
-1 -1 -1 -1 -1 0 -1 -1 0 -1 0 -1 -1 -1 -1 -1 -1 -1 
-1 -1 -1 -1 -1 -1 -1 -1 -1 -1 0 -1 -1 -1 -1 -1 -1 -1 
-1 -1 -1 -1 -1 -1 -1 -1 -1 -1 -1 -1 -1 -1 -1 -1 -1 -1 
-1 -1 0 -1 -1 -1 -1 -1 -1 -1 -1 -1 -1 -1 -1 -1 -1 -1 
-1 -1 -1 -1 -1 -1 -1 -1 0 -1 0 -1 -1 -1 -1 -1 -1 -1 
-1 0 -1 -1 -1 -1 -1 0 -1 -1 -1 -1 -1 -1 -1 -1 -1 -1 
-1 -1 -1 0 0 -1 -1 0 -1 -1 -1 -1 -1 -1 -1 -1 -1 0 
-1 0 0 -1 -1 -1 -1 -1 -1 -1 0 -1 -1 -1 -1 -1 -1 -1 
-1 -1 0 -1 -1 0 0 -1 -1 -1 -1 -1 -1 -1 0 -1 -1 -1 
-1 -1 -1 -1 -1 -1 -1 -1 0 -1 -1 -1 -1 -1 -1 -1 -1 19 
-1 -1 -1 -1 -1 68 -1 0 -1 -1 0 -1 0 -1 -1 -1 47 0 
-1 -1 -1 -1 -1 -1 0 -1 0 0 -1 -1 -1 -1 -1 0 -1 -1 
-1 -1 -1 0 -1 0 -1 -1 0 -1 -1 -1 -1 0 0 -1 -1 -1 
-1 -1 -1 -1 -1 -1 -1 -1 -1 -1 -1 -1 -1 -1 -1 -1 -1 -1 
-1 -1 -1 0 -1 -1 0 0 0 -1 -1 -1 -1 -1 -1 -1 -1 -1 
-1 -1 -1 -1 -1 -1 -1 -1 0 -1 -1 -1 -1 -1 95 -1 -1 0 
-1 -1 -1 -1 -1 -1 0 0 -1 -1 0 -1 -1 0 -1 0 -1 -1 
